-2.53305
-0.740783
2.71897
-2.53931
-1.36378
-1.30662
-0.47197
-0.0191862
-0.540351
1.67082
-0.225028
2.50047
-2.22816
1.13821
-0.206981
-0.103548
1.04123
2.72543
-2.98043
-1.50905
-2.24263
-3.42413
0.604281
0.696293
2.89316
0.200083
2.38471
4.44276
-0.178163
0.612854
0.798189
1.01933
-0.571562
2.60307
0.637859
-0.683418
-2.76529
1.89751
0.169269
-1.42691
0.427729
1.33272
-1.05806
1.16635
0.732693
1.94092
-2.01255
0.992456
0.768073
-2.87382
0.531488
0.581431
4.11268
-1.85697
-1.63021
-0.331715
3.57661
-0.758666
-1.0026
4.29988
-1.39616
-2.98604
0.560877
-3.06962
2.32001
5.04426
0.0126223
0.900178
-1.00798
0.760088
2.62207
-2.1136
2.10634
0.8895
4.28996
-0.031659
-0.187176
-1.67532
0.287445
-0.69781
4.67783
-1.90934
0.273092
1.31831
2.47777
3.23538
-1.24278
-1.16716
1.93176
-0.110286
2.26759
-3.65848
0.259826
-0.533208
-1.04197
-4.64988
2.69692
2.62689
2.67543
-0.151223